0.006007
0.006006
0.011013
0.013014
0.020023
0.021023
0.026028
0.02903
0.031034
0.035038
0.038039
0.042051
0.046051
0.050052
0.053057
0.058066
0.062066
0.06607
0.069077
0.080096
0.077083
0.0801
0.087095
0.102116
0.094103
0.10215
0.102113
0.107116
0.124136
0.118127
0.117126
0.122136
0.127142
0.137139
0.135152
0.141179
0.144155
0.150165
0.153165
0.183237
0.170195
0.176189
0.189206
0.178196
0.180201
0.184199
0.195213
0.194221
0.204226
0.207281
0.229268
0.251283
0.26129
0.242289
0.240265
0.249317
0.258284
0.278307
0.258273
0.277431
0.283317
0.304334
0.291323
0.292339
0.297354
0.31438
0.321375
0.313361
0.381521
0.338377
0.337379
0.363487
0.342386
0.347387
0.355461
0.358395
0.367533
0.372424
0.384442
0.394449
0.391484
0.386448
0.406457
0.417506
0.439502
0.579679
0.44251
0.446538
0.459643
0.469534
0.454575
0.492627
0.488552
0.521719
0.490575
0.512607
0.533669
0.501608
0.521597
Step: 10000
